CONSIS_PLS,L_DEPTH,S_PRM_MOD
" ",7," "
" ",12," "
" ",17," "
" ",26," "
" ",38," "
" ",61," "
" ",79," "
" "," "," "
" ",10," "
" ",36," "
" ",51," "
" ",66," "
" ",91," "
" ",122," "
" ",178," "
" ",14," "
" ",20," "
" ",38," "
" ",60," "
" ",84," "
" ",10," "
" ",51," "
" ",91," "
" ",152," "
" ",213," "
" ",46," "
" ",81," "
" ",102," "
" ",178," "
" ",203," "
" ",33," "
" ",48," "
" ",56," "
" ",102," "
" ",127," "
" ",157," "
" ",36," "
" ",51," "
" ",71," "
" ",97," "
" ",127," "
" ",152," "
" ",38," "
" ",46," "
" ",76," "
" ",122," "
" ",157," "
" ",183," "
" ",56," "
" ",86," "
" ",122," "
" ",152," "
" ",168," "
" ",43," "
" ",53," "
" ",79," "
" ",117," "
" ",152," "
" "," "," "
" ",25," "
" ",30," "
" ",61," "
" ",91," "
" ",122," "
" ",41," "
" ",48," "
" ",71," "
" ",97," "
" ",112," "
" ",127," "
" ",46," "
" ",71," "
" ",102," "
" ",152," "
" ",168," "
" ",0," "
" ",10," "
" ",30," "
" ",36," "
" ",74," "
" ",114," "
" ",157," "
" ",211," "
" ",8," "
" ",15," "
" ",23," "
" ",38," "
" ",66," "
" "," "," "
" ",10," "
" ",20," "
" ",41," "
" ",53," "
" ",71," "
" ",102," "
" ",122," "
" ",0," "
" ",10," "
" ",18," "
" ",28," "
" ",69," "
" ",120," "
" ",168," "
" ",8," "
" ",18," "
" ",51," "
" ",102," "
" ",122," "
" ",163," "
" ",5," "
" ",41," "
" ",61," "
" ",71," "
" ",81," "
" ",122," "
" ",5," "
" ",13," "
" ",36," "
" ",64," "
" ",147," "
" ",168," "
" ",10," "
" ",25," "
" ",41," "
" ",51," "
" ",66," "
" ",122," "
" ",168," "
" ",0," "
" ",10," "
" ",18," "
" ",20," "
" ",51," "
" ",81," "
" ",112," "
" ",0," "
" ",18," "
" ",38," "
" ",64," "
" ",74," "
" ",5," "
" ",25," "
" ",46," "
" ",91," "
" ",122," "
" ",198," "
" ",0," "
" ",18," "
" ",25," "
" ",38," "
" ",76," "
" ",91," "
" ",122," "
" ",0," "
" ",23," "
" ",30," "
" ",51," "
" ",127," "
" ",152," "
" "," "," "
" ",4," "
" ",20," "
" ",52," "
" ",76," "
" ",124," "
" ",14," "
" ",24," "
" "," "," "
" ",22," "
" ",64," "
" "," "," "
" ",8," "
" ",36," "
" ",48," "
" ",69," "
" ",89," "
" ",117," "
" ",142," "
" "," "," "
Nonplastic,22," "
Nonplastic,62," "
Nonplastic,77," "
Nonplastic," "," "
Slightly,19," "
Nonplastic,29," "
Nonplastic,58," "
Nonplastic," "," "
Slightly,17," "
Nonplastic,29," "
Nonplastic," "," "
" ",10," "
" ",48," "
" "," "," "
" ",0," "
" ",5," "
" ",20," "
" ",31," "
" ",41," "
" "," "," "
" ",1," "
" ",20," "
" ",25," "
Plastic,76," "
" "," "," "
" ",8," "
" ",25," "
" ",31," "
" ",56," "
" "," "," "
" ",15," "
" ",28," "
" ",61," "
" ",91," "
" ",5," "
" ",18," "
" "," "," "
" ",0," "
" ",10," "
" ",25," "
" ",36," "
" "," "," "
" ",20," "
" ",51," "
" ",71," "
" "," "," "
" ",13," "
" ",33," "
" ",48," "
" ",53," "
" "," "," "
" ",5," "
" ",13," "
" ",41," "
" ",76," "
" "," "," "
" ",8," "
" ",51," "
" ",66," "
" ",15," "
" ",46," "
" ",76," "
" "," "," "
" ",15," "
" ",31," "
" ",33," "
" ",61," "
" ",91," "
" ",0," "
" ",15," "
" ",23," "
" ",38," "
" "," "," "
" ",15," "
" ",20," "
" ",71," "
" "," "," "
" ",0," "
" ",3," "
" ",5," "
" ",10," "
" ",25," "
" ",36," "
Slightly,8," "
Nonplastic,31," "
Nonplastic,51," "
Nonplastic," "," "
" ",28," "
" ",46," "
" ",58," "
" ",71," "
" "," "," "
" ",0," "
" ",15," "
" ",23," "
" ",51," "
" "," "," "
" ",0," "
" ",15," "
Plastic,56," "
" "," "," "
" ",8," "
" ",15," "
" "," "," "
" ",25," "
" ",33," "
" ",46," "
" "," "," "
Plastic,15," "
" ",213," "
" ",20," "
" ",41," "
" ",76," "
" ",86," "
" ",106," "
" ",122," "
" ",152," "
" ",198," "
" ",4," "
" ",8," "
" ",18," "
" ",41," "
" ",56," "
" ",76," "
" "," "," "
" ",15," "
" ",36," "
" ",53," "
" ",66," "
" ",76," "
" ",91," "
" "," "," "
" ",20," "
" ",50," "
" ",70," "
" ",110," "
" ",20," "
" ",31," "
" ",61," "
" ",91," "
Plastic,122," "
Plastic," "," "
" ",0," "
" ",10," "
" ",18," "
" ",51," "
" "," "," "
" ",13," "
" ",23," "
" ",53," "
" ",84," "
" "," "," "
" ",15," "
" ",31," "
" ",61," "
" ",91," "
" ",15," "
" ",31," "
" ",61," "
" "," "," "
" ",0," "
" ",10," "
" ",20," "
" "," "," "
" ",0," "
" ",3," "
" ",5," "
" ",13," "
" ",15," "
" "," "," "
" ",0," "
" ",10," "
" ",31," "
" "," "," "
" ",10," "
" ",25," "
" ",43," "
" ",61," "
" "," "," "
" ",3," "
" ",10," "
" ",30," "
" ",61," "
" ",122," "
Nonplastic,20," "
Nonplastic,31," "
Nonplastic," "," "
" ",8," "
" ",25," "
" ",56," "
" "," "," "
" ",25," "
" ",51," "
" ",76," "
" ",15," "
" ",46," "
" ",61," "
" ",76," "
" "," "," "
" ",10," "
" ",31," "
Slightly,12," "
Slightly,19," "
Slightly,29," "
Nonplastic," "," "
" ",14," "
" ",41," "
" ",29," "
" ",67," "
" ",77," "
" "," "," "
" ",10," "
" ",19," "
" ",34," "
" "," "," "
" ",12," "
" ",19," "
" ",48," "
" "," "," "
" ",29," "
" ",36," "
" ",48," "
" ",12," "
" ",29," "
" ",36," "
" ",46," "
" "," "," "
" ",7," "
" ",24," "
" ",26," "
" ",31," "
" ",53," "
" "," "," "
" ",25," "
" ",33," "
" ",25," "
" ",38," "
" ",14," "
" ",29," "
" ",38," "
" ",53," "
" ",77," "
" "," "," "
" ",14," "
" ",29," "
" ",36," "
" "," "," "
" ",25," "
" ",61," "
" ",122," "
" ",14," "
" ",24," "
" ",31," "
" "," "," "
" ",12," "
" ",18," "
" ",29," "
" ",38," "
" ",43," "
" "," "," "
" ",22," "
" ",41," "
" ",82," "
" "," "," "
Slightly,12," "
Slightly,22," "
Slightly,38," "
Slightly,50," "
Slightly," "," "
" ",22," "
" ",43," "
" ",53," "
" "," "," "
" ",12," "
" ",22," "
" "," "," "
" ",14," "
" ",19," "
" ",24," "
" ",38," "
" ",58," "
" "," "," "
" ",14," "
" ",24," "
" ",29," "
" ",34," "
" "," "," "
" ",12," "
" ",14," "
" ",22," "
" ",48," "
" ",58," "
" "," "," "
" ",14," "
" ",29," "
" ",62," "
" ",106," "
" ",140," "
" ",13," "
" ",23," "
" ",41," "
" ",91," "
" ",10," "
" ",19," "
" ",53," "
" "," "," "
" ",17," "
" ",46," "
" "," "," "
Nonplastic,14," "
Nonplastic,29," "
Nonplastic,58," "
" "," "," "
" ",12," "
" ",26," "
" ",67," "
" "," "," "
" ",14," "
" ",38," "
" "," "," "
" ",20," "
" "," "," "
Slightly,19," "
Slightly,22," "
Slightly,51," "
Nonplastic,102," "
" "," "," "
" ",14," "
" ",19," "
" ",29," "
" ",36," "
" ",55," "
" ",65," "
" "," "," "
Slightly,14," "
Slightly,26," "
Slightly,53," "
Slightly,62," "
Nonplastic,86," "
Slightly," "," "
Slightly,16," "
"Very plastic",40," "
"Very plastic",62," "
Plastic,78," "
Plastic,120," "
" ",15," "
" ",38," "
" ",64," "
" ",91," "
" ",122," "
" ",14," "
" ",22," "
" ",31," "
" "," "," "
" ",10," "
" ",14," "
" ",31," "
" ",60," "
" "," "," "
" ",22," "
" ",43," "
" ",58," "
" "," "," "
" ",29," "
" ",36," "
" ",65," "
" ",70," "
" "," "," "
" ",15," "
" ",20," "
" ",51," "
" ",71," "
" "," "," "
" ",15," "
" ",41," "
" ",56," "
" ",61," "
" ",71," "
" ",117," "
" "," "," "
" ",14," "
" ",29," "
" "," "," "
" ",10," "
" ",19," "
" ",48," "
" ",62," "
" "," "," "
" ",10," "
" ",19," "
" ",36," "
" ",48," "
" "," "," "
" ",29," "
" "," "," "
" ",6," "
" ",25," "
" ",51," "
" ",76," "
" ",14," "
" "," "," "
" ",14," "
" ",29," "
Plastic,38," "
" "," "," "
" ",12," "
" ",22," "
" ",26," "
" ",48," "
" ",24," "
" ",53," "
" "," "," "
" ",17," "
" ",38," "
" ",41," "
" ",67," "
" "," "," "
Slightly,12," "
Slightly,31," "
" "," "," "
Slightly,13," "
Nonplastic,34," "
Nonplastic,61," "
Slightly," "," "
" ",12," "
" ",24," "
" ",48," "
" "," "," "
" ",10," "
" ",29," "
" ",53," "
" ",86," "
" "," "," "
" ",12," "
" ",24," "
" ",31," "
" "," "," "
" ",14," "
" ",29," "
" ",34," "
" "," "," "
" ",14," "
" ",31," "
" ",36," "
" "," "," "
Slightly,10," "
Slightly,17," "
Slightly,24," "
" "," "," "
" ",7," "
" ",24," "
" "," "," "
" ",10," "
" ",14," "
" ",43," "
" ",14," "
" ",19," "
" ",38," "
" ",53," "
" "," "," "
Slightly,14," "
Slightly,26," "
"Very plastic",34," "
"Very plastic",72," "
"Very plastic"," "," "
" ",14," "
" ",19," "
" ",29," "
" ",53," "
" "," "," "
" ",14," "
" ",31," "
" ",38," "
" ",48," "
" ",55," "
" "," "," "
" ",14," "
" ",34," "
" ",58," "
" ",77," "
" "," "," "
" ",14," "
" ",29," "
" ",38," "
" ",50," "
" ",60," "
" "," "," "
" ",0," "
" ",7," "
" ",31," "
" ",53," "
" ",86," "
" ",115," "
" ",4," "
" ",13," "
" ",31," "
" ",36," "
" ",12," "
" ",17," "
" ",58," "
" ",67," "
" "," "," "
" ",14," "
" ",24," "
" "," "," "
" ",18," "
" ",25," "
Slightly,50," "
Nonplastic,19," "
Nonplastic,48," "
Nonplastic,70," "
Nonplastic,72," "
Nonplastic,82," "
Nonplastic," "," "
"Very plastic",10," "
"Very plastic",19," "
"Very plastic",26," "
"Very plastic",58," "
"Very plastic"," "," "
" ",8," "
" ",18," "
" ",8," "
" ",18," "
" ",5," "
" ",20," "
" ",0," "
" ",8," "
" ",15," "
" ",31," "
" ",41," "
" ",66," "
" "," "," "
Slightly,23," "
Nonplastic,50," "
Nonplastic,65," "
Nonplastic," "," "
" ",5," "
" ",8," "
" ",15," "
" ",31," "
"Very plastic",46," "
"Very plastic"," "," "
" ",5," "
" ",30," "
" ",66," "
" ",83," "
" ",91," "
" ",106," "
" "," "," "
" ",0," "
Nonplastic,4," "
"Very plastic",15," "
"Very plastic"," "," "
" ",0," "
Nonplastic,13," "
" "," "," "
" ",0," "
"Very plastic",3," "
"Very plastic",10," "
"Very plastic",20," "
"Very plastic",31," "
"Very plastic",71," "
"Very plastic"," "," "
" ",0," "
" ",4," "
" ",15," "
" ",31," "
" ",66," "
Plastic," "," "
Slightly,15," "
Slightly,25," "
"Very plastic",46," "
"Very plastic"," "," "
" ",15," "
" ",0," "
" ",10," "
" ",56," "
" ",0," "
" ",4," "
" ",13," "
" ",18," "
" "," "," "
" ",11," "
" ",22," "
" ",48," "
" ",70," "
" ",92," "
" ",0," "
" ",5," "
" ",10," "
" ",15," "
" ",25," "
" "," "," "
" ",0," "
Plastic,3," "
Plastic,33," "
Plastic,53," "
" "," "," "
" ",0," "
" ",5," "
" ",15," "
" ",31," "
" ",41," "
" "," "," "
" ",0," "
Nonplastic,3," "
"Very plastic",18," "
"Very plastic",30," "
"Very plastic",56," "
"Very plastic"," "," "
" ",0," "
" ",5," "
" ",15," "
" ",25," "
" "," "," "
" ",0," "
" ",5," "
" ",28," "
" ",38," "
" "," "," "
" ",0," "
"Very plastic",3," "
"Very plastic",18," "
"Very plastic"," "," "
" ",0," "
" ",3," "
" ",23," "
" ",41," "
" "," "," "
" ",0," "
" ",6," "
" ",13," "
" ",23," "
" ",0," "
" ",4," "
" ",18," "
" "," "," "
" ",0," "
Slightly,4," "
Slightly,18," "
Slightly," "," "
" ",0," "
" ",15," "
Slightly," "," "
" ",0," "
" ",3," "
" ",13," "
" ",20," "
" ",33," "
" "," "," "
" ",0," "
Nonplastic,5," "
"Very plastic",20," "
" "," "," "
" ",0," "
" ",13," "
" ",20," "
" ",25," "
" "," "," "
Slightly,16," "
Slightly,28," "
Slightly,62," "
Plastic,100," "
" ",25," "
" ",50," "
" ",91," "
" ",129," "
" ",137," "
" ",157," "
" ",10," "
" ",20," "
" ",25," "
" "," "," "
" ",0," "
" ",8," "
" ",20," "
" ",25," "
" "," "," "
" ",0," "
" ",5," "
" ",8," "
" ",38," "
" ",46," "
" "," "," "
" ",8," "
Slightly,25," "
"Very plastic"," "," "
" ",0," "
" ",3," "
" ",13," "
" ",15," "
" "," "," "
" ",0," "
" ",8," "
" ",15," "
" "," "," "
" ",0," "
" ",10," "
" "," "," "
" ",5," "
" ",15," "
" "," "," "
" ",3," "
" ",10," "
" "," "," "
" ",8," "
" ",25," "
" ",46," "
" "," "," "
" ",0," "
" ",4," "
" ",8," "
" ",31," "
" ",76," "
" "," "," "
" ",0," "
" ",8," "
" ",23," "
" ",53," "
" "," "," "
" ",10," "
" ",20," "
" ",43," "
" ",53," "
" "," "," "
Plastic,10," "
Plastic,15," "
Plastic,30," "
Plastic,70," "
Plastic," "," "
" ",0," "
" ",10," "
" ",31," "
" ",66," "
" "," "," "
" ",0," "
" ",15," "
" ",61," "
" "," "," "
" ",0," "
Plastic,3," "
Plastic,8," "
"Very plastic",15," "
" "," "," "
" ",10," "
" ",25," "
" ",46," "
" ",56," "
" "," "," "
" ",0," "
" ",5," "
" ",10," "
" ",28," "
" ",46," "
" ",61," "
" "," "," "
" ",0," "
"Very plastic",8," "
"Very plastic",31," "
"Very plastic",76," "
" ",0," "
" ",4," "
" ",15," "
" ",61," "
"Very plastic"," "," "
Slightly,5," "
"Very plastic",20," "
Slightly," "," "
" ",14," "
" ",28," "
" ",38," "
" ",52," "
" ",63," "
" ",74," "
" ",100," "
" ",107," "
"Very plastic",18," "
"Very plastic"," "," "
" ",0," "
" ",8," "
" ",15," "
" ",31," "
" "," "," "
" ",0," "
"Very plastic",10," "
"Very plastic",15," "
"Very plastic"," "," "
" ",0," "
" ",10," "
" ",18," "
" "," "," "
" ",0," "
" ",8," "
" ",13," "
" ",61," "
" "," "," "
" ",15," "
" ",76," "
" ",0," "
" ",8," "
" ",18," "
" "," "," "
" ",20," "
" ",0," "
Plastic,8," "
Plastic,15," "
Plastic," "," "
Plastic,15," "
Plastic,28," "
Plastic,33," "
Plastic,61," "
" "," "," "
Slightly,12," "
Slightly,40," "
Slightly,50," "
Slightly,70," "
" ",0," "
Nonplastic,4," "
Nonplastic,10," "
Nonplastic,15," "
Nonplastic," "," "
" ",0," "
" ",15," "
" "," "," "
" ",0," "
" ",5," "
" ",13," "
" "," "," "
" ",0," "
" ",1," "
" ",13," "
" ",0," "
" ",2," "
" ",15," "
" "," "," "
" ",0," "
Plastic,3," "
Plastic,13," "
Slightly,25," "
Nonplastic," "," "
" ",3," "
" ",0," "
Slightly,13," "
Slightly," "," "
" ",15," "
" ",15," "
" ",35," "
" ",86," "
" ",10," "
" ",0," "
" ",10," "
" "," "," "
" ",0," "
" ",8," "
" ",13," "
" ",31," "
" ",61," "
" ",0," "
" ",7," "
" ",13," "
" ",18," "
" ",41," "
" "," "," "
" ",0," "
" ",5," "
" ",15," "
" "," "," "
" ",0," "
" ",5," "
" ",10," "
" ",20," "
" ",46," "
" "," "," "
" ",0," "
Nonplastic,5," "
Nonplastic,10," "
Nonplastic,13," "
Slightly,20," "
Slightly,36," "
Nonplastic," "," "
" ",0," "
" ",20," "
" ",31," "
" "," "," "
Nonplastic,5," "
Nonplastic,10," "
Nonplastic,31," "
Nonplastic," "," "
" ",0," "
Nonplastic,5," "
Slightly,10," "
Nonplastic,13," "
Nonplastic,48," "
Nonplastic,71," "
Nonplastic," "," "
" ",15," "
" ",36," "
" ",76," "
" ",91," "
" ",0," "
" ",13," "
" ",76," "
" "," "," "
" ",0," "
" ",3," "
" ",18," "
" ",41," "
" "," "," "
" ",0," "
" ",3," "
" ",13," "
" ",23," "
" "," "," "
" ",0," "
" ",2," "
" ",10," "
" ",20," "
" ",31," "
" ",61," "
Slightly,10," "
Slightly,16," "
Slightly,35," "
Slightly,50," "
Slightly,75," "
Plastic,90,Pseudo
Slightly,120," "
Nonplastic,122," "
Plastic,150," "
" ",36," "
" ",91," "
" ",107," "
" ",110," "
" "," "," "
" ",1," "
" ",0," "
" ",5," "
" ",10," "
" ",18," "
" ",46," "
" "," "," "
" ",5," "
" ",0," "
" ",10," "
" ",41," "
" "," "," "
" ",31," "
"Very plastic",61," "
" ",18," "
" ",33," "
" ",61," "
" ",86," "
" "," "," "
" ",8," "
" ",15," "
" ",25," "
" ",41," "
" "," "," "
" ",13," "
" ",31," "
" ",36," "
" ",56," "
" "," "," "
" ",18," "
" ",46," "
" ",61," "
" "," "," "
" ",15," "
" ",20," "
" "," "," "
" ",0," "
" ",8," "
" ",13," "
" ",18," "
" "," "," "
" ",8," "
" ",38," "
" ",61," "
" "," "," "
" ",0," "
" ",5," "
" ",13," "
" ",18," "
" "," "," "
" ",0," "
" ",5," "
" ",13," "
" ",91," "
" "," "," "
" ",18," "
" ",23," "
" ",51," "
" "," "," "
" ",13," "
" ",33," "
" ",61," "
" ",76," "
" ",89," "
" "," "," "
" ",0," "
" ",2," "
" ",10," "
" ",20," "
" ",30," "
" ",61," "
" ",13," "
" ",33," "
" ",61," "
" "," "," "
" ",10," "
" ",25," "
" ",46," "
" ",66," "
" "," "," "
" ",0," "
" ",31," "
" ",36," "
" ",48," "
" "," "," "
" ",25," "
" ",33," "
" ",43," "
" ",61," "
" "," "," "
" ",15," "
" ",28," "
" ",41," "
" ",66," "
" "," "," "
" ",10," "
" ",31," "
" ",66," "
" ",76," "
" ",89," "
" ",112," "
" "," "," "
" ",0," "
" ",8," "
" ",25," "
" ",29," "
" ",38," "
" ",46," "
" ",61," "
" "," "," "
" ",15," "
" ",23," "
" ",66," "
" ",81," "
" ",112," "
" "," "," "
" ",15," "
" ",38," "
" ",61," "
" ",71," "
" ",86," "
" "," "," "
" ",0," "
" ",43," "
" ",56," "
" ",81," "
" "," "," "
" ",18," "
" ",31," "
" ",41," "
" "," "," "
" ",8," "
" ",18," "
" ",43," "
" "," "," "
" ",20," "
" ",81," "
"Very plastic",122," "
" ",20," "
" ",51," "
" "," "," "
" ",13," "
" ",23," "
" ",38," "
" ",61," "
" ",76," "
" "," "," "
" ",20," "
" ",38," "
" ",61," "
" ",89," "
" ",102," "
" ",122," "
" "," "," "
" ",10," "
" ",40," "
" ",45," "
Plastic,50," "
Plastic," "," "
" ",45," "
" "," "," "
" ",14," "
" ",36," "
" ",50," "
" ",67," "
" "," "," "
" ",12," "
" ",22," "
" ",38," "
" ",48," "
" ",72," "
" ",91," "
" ",108," "
" "," "," "
" ",10," "
" ",12," "
" ",19," "
" ",26," "
" ",46," "
" ",62," "
" ",72," "
" ",91," "
" ",14," "
" ",36," "
" "," "," "
" ",10," "
" ",25," "
" ",41," "
" ",61," "
" ",14," "
" ",19," "
" ",24," "
" ",34," "
" ",41," "
" ",58," "
" ",72," "
" "," "," "
" ",34," "
" ",50," "
" ",101," "
" "," "," "
" ",2," "
" ",12," "
" ",14," "
" ",34," "
" ",55," "
" ",77," "
" ",96," "
" ",10," "
" ",22," "
" ",36," "
" ",48," "
" ",58," "
" ",70," "
" ",86," "
" ",115," "
" ",38," "
" ",48," "
" ",65," "
" "," "," "
" ",2," "
" "," "," "
" ",10," "
" ",17," "
" ",22," "
" ",29," "
" ",36," "
" ",48," "
" ",58," "
" ",77," "
" ",7," "
" ",19," "
" ",29," "
" ",48," "
" ",67," "
" ",14," "
" ",24," "
" ",29," "
" ",43," "
" ",58," "
" ",86," "
" ",14," "
" ",24," "
" ",41," "
" ",48," "
" ",60," "
" ",101," "
" ",130," "
" ",7," "
" ",24," "
" "," "," "
" ",4," "
" ",13," "
" ",64," "
" ",76," "
" ",12," "
" ",36," "
" "," "," "
" ",24," "
" ",29," "
" ",34," "
" ",55," "
" ",65," "
" ",115," "
" ",10," "
" ",29," "
" ",41," "
" ",48," "
" ",77," "
" ",86," "
" "," "," "
" ",14," "
" ",26," "
" ",46," "
" ",82," "
" ",96," "
" ",115," "
" ",2," "
" ",190," "
" ",7," "
" ",22," "
" ",31," "
" ",46," "
" ",60," "
" ",74," "
" ",103," "
" ",161," "
" ",10," "
" ",20," "
" ",30," "
" ",76," "
" ",81," "
" ",31," "
" ",62," "
" ",102," "
" ",109," "
" "," "," "
" ",0," "
Slightly,8," "
Plastic,13," "
Plastic,30," "
Plastic,41," "
Slightly,51," "
Plastic," "," "
" ",0," "
Nonplastic,2," "
Nonplastic,7," "
Slightly,8," "
Nonplastic,30," "
Nonplastic,61," "
" ",0," "
" ",2," "
Plastic,15," "
Plastic,51," "
Plastic," "," "
" ",14," "
" ",31," "
" ",35," "
" ",46," "
" ",72," "
" ",115," "
" ",0," "
Nonplastic,2," "
Nonplastic,8," "
Nonplastic,16," "
Nonplastic,25," "
" ",38," "
Nonplastic," "," "
" ",2," "
" ",20," "
" ",50," "
" ",100," "
" ",150," "
" ",180," "
Plastic,200," "
" ",0," "
" ",3," "
Plastic,13," "
Plastic,38," "
" ",40," "
Plastic,60," "
" ",0," "
" ",3," "
" ",5," "
Plastic,20," "
Plastic,36," "
Plastic,56," "
Plastic," "," "
" ",0," "
" ",4," "
Plastic,10," "
Plastic,15," "
Plastic,30," "
Plastic," "," "
" ",0," "
Plastic,5," "
Plastic,13," "
Plastic,33," "
Plastic,46," "
Plastic,61," "
Plastic," "," "
" ",0," "
Plastic,3," "
Plastic,15," "
Plastic,25," "
Plastic,51," "
Plastic," "," "
" ",10," "
" ",25," "
" ",41," "
" ",61," "
" ",0," "
Nonplastic,4," "
Nonplastic,8," "
Nonplastic,23," "
Nonplastic,50," "
Nonplastic," "," "
" ",0," "
Nonplastic,10," "
Nonplastic,23," "
Nonplastic,46," "
Nonplastic," "," "
" ",0," "
Plastic,5," "
Plastic,18," "
Plastic,30," "
Plastic,61," "
" "," "," "
" ",0," "
" ",2," "
Plastic,8," "
Plastic,16," "
Plastic,30," "
Plastic," "," "
Slightly,10," "
Slightly,18," "
Plastic,23," "
"Very plastic",53," "
"Very plastic",84," "
"Very plastic"," "," "
" ",13," "
" ",23," "
" ",46," "
" ",76," "
" ",5," "
" ",10," "
" ",30," "
" ",66," "
" ",91," "
" ",122," "
" ",147," "
" ",15," "
" ",28," "
"Very plastic",41," "
"Very plastic",48," "
Plastic,74," "
Plastic,107," "
Plastic,137," "
" ",15," "
" ",20," "
" ",31," "
" ",43," "
" ",48," "
" ",91," "
Nonplastic,15," "
Nonplastic,23," "
Nonplastic,33," "
Nonplastic,46," "
Nonplastic,66," "
Nonplastic,91," "
" ",18," "
" ",28," "
" ",40," "
" ",70," "
" ",100," "
" ",110," "
" ",5," "
" ",31," "
" ",51," "
" ",66," "
Slightly,74," "
Slightly," "," "
" ",30," "
" ",45," "
" ",53," "
" ",76," "
" ",86," "
" ",91," "
" ",106," "
" ",31," "
" ",38," "
" ",61," "
" ",66," "
" "," "," "
" ",30," "
" ",38," "
" ",61," "
" ",68," "
" ",86," "
" ",91," "
" ",101," "
" ",25," "
" ",46," "
" ",69," "
" ",91," "
" ",96," "
" ",127," "
" ",46," "
" ",91," "
" ",246," "
" ",31," "
" ",61," "
" ",91," "
" ",122," "
" ",130," "
" ",31," "
" ",61," "
" ",117," "
" ",132," "
" ",140," "
" "," "," "
" ",46," "
" ",91," "
" ",122," "
" ",173," "
" ",176," "
" ",184," "
" ",41," "
" ",51," "
" ",66," "
" ",102," "
" ",30," "
" ",61," "
" ",102," "
" ",109," "
" "," "," "
" ",10," "
" ",18," "
" ",46," "
" ",56," "
" "," "," "
" ",0," "
Plastic,8," "
Plastic,20," "
Plastic," "," "
" ",13," "
" ",20," "
" ",33," "
" ",61," "
" "," "," "
" ",0," "
" ",20," "
" ",23," "
" ",33," "
" ",43," "
" ",62," "
" ",91," "
" ",20," "
" ",76," "
" "," "," "
" ",0," "
Plastic,8," "
Plastic,20," "
Plastic,30," "
Nonplastic," "," "
" ",0," "
" ",10," "
" ",46," "
" ",51," "
" ",90," "
" ",0," "
" ",8," "
" ",25," "
" ",91," "
" ",0," "
" ",15," "
" ",61," "
" ",81," "
" ",117," "
" ",147," "
" "," "," "
" ",14," "
" ",26," "
" ",34," "
" ",53," "
" "," "," "
" ",152," "
" "," "," "
" ",3," "
" ",6," "
" ",13," "
" ",19," "
" ",25," "
" ",38," "
" ",64," "
" ",102," "
" ",17," "
" ",26," "
" ",34," "
" ",46," "
" ",58," "
" ",86," "
" ",106," "
" ",130," "
" "," "," "
" ",7," "
" ",22," "
" ",36," "
" ",50," "
" ",58," "
" ",65," "
" ",86," "
" ",144," "
" ",122," "
" ",137," "
" ",225," "
" ",15," "
" ",25," "
" ",31," "
" ",53," "
" ",69," "
" ",74," "
" ",89," "
" ",104," "
" ",5," "
" ",20," "
" ",51," "
" ",61," "
" ",0," "
" ",81," "
" ",91," "
" ",212," "
" ",6," "
" ",18," "
" ",25," "
" ",43," "
" ",53," "
" ",66," "
" ",71," "
" ",74," "
" ",12," "
" ",31," "
" ",48," "
" ",65," "
" ",96," "
" ",12," "
" ",29," "
" ",36," "
" ",46," "
" ",58," "
" ",98," "
" "," "," "
" ",15," "
" ",36," "
" ",51," "
" ",107," "
" ",14," "
" ",34," "
" ",43," "
" ",20," "
" ",46," "
" ",76," "
" "," "," "
" ",18," "
" ",38," "
" ",41," "
" ",61," "
"Very plastic",91," "
" ",15," "
" ",20," "
" ",36," "
" ",51," "
" ",91," "
" ",15," "
" ",28," "
" ",38," "
" ",48," "
" ",56," "
" ",91," "
" ",0," "
" ",25," "
" ",46," "
" ",91," "
" ",14," "
" "," "," "
" ",0," "
" ",14," "
" ",29," "
" ",38," "
" ",53," "
" ",67," "
" ",86," "
" "," "," "
" ",14," "
" ",22," "
" ",36," "
" ",43," "
" ",58," "
" ",82," "
" ",115," "
" ",0," "
" ",19," "
" ",43," "
" ",58," "
" ",72," "
" ",83," "
" ",96," "
" ",115," "
" "," "," "
" ",15," "
" ",36," "
" ",61," "
" "," "," "
" ",12," "
" ",36," "
" ",60," "
" "," "," "
" ",7," "
" ",12," "
" ",36," "
" ",62," "
" ",91," "
" "," "," "
" ",5," "
" ",17," "
" ",24," "
" ",34," "
" ",53," "
" ",91," "
" "," "," "
" ",14," "
" ",122," "
" "," "," "
" ",29," "
" ",36," "
" ",43," "
" ",50," "
" ",60," "
" ",67," "
" ",79," "
" ",101," "
" ",10," "
" ",23," "
" ",28," "
" ",36," "
" ",43," "
" ",51," "
" ",91," "
" ",0," "
" ",8," "
" ",13," "
" ",30," "
" ",46," "
" ",64," "
" ",91," "
" ",0," "
" ",3," "
" ",5," "
" ",23," "
" ",53," "
" ",56," "
" ",91," "
" ",15," "
" ",23," "
" ",33," "
" ",46," "
" ",91," "
" ",0," "
" ",18," "
" ",23," "
" ",33," "
" ",46," "
" ",64," "
" ",91," "
" ",121," "
" ",3," "
" ",0," "
Plastic,20," "
Plastic,41," "
Plastic,76," "
" ",1," "
" ",0," "
" ",13," "
" ",46," "
" ",56," "
" ",79," "
" ",109," "
" ",140," "
" ",15," "
" ",18," "
" ",25," "
" ",30," "
" ",41," "
" ",74," "
" ",76," "
" ",89," "
" ",107," "
" ",0," "
" ",15," "
" ",20," "
" ",43," "
" ",58," "
" ",71," "
" ",102," "
" ",5," "
" ",30," "
" ",50," "
" ",65," "
" ",90," "
" ",120," "
" ",0," "
" ",2," "
" ",9," "
" ",13," "
" ",30," "
" ",46," "
" ",76," "
" ",5," "
" ",18," "
" ",30," "
" ",45," "
" ",61," "
" ",66," "
" ",91," "
" ",0," "
Plastic,13," "
Plastic,18," "
Plastic,41," "
" ",46," "
" ",91," "
" ",101," "
" "," "," "
" ",25," "
" ",55," "
" ",100," "
" ",190," "
" ",215," "
" ",295," "
" ",300," "
" "," "," "
" ",13," "
" ",28," "
" ",51," "
" ",76," "
" "," "," "
" ",0," "
" ",5," "
" ",10," "
" ",15," "
" ",38," "
" ",56," "
" ",91," "
" ",121," "
" ",0," "
" ",8," "
" ",15," "
" ",28," "
" ",53," "
" ",97," "
" ",241," "
" ",264," "
" ",15," "
" ",23," "
" ",48," "
" ",66," "
" ",81," "
" ",127," "
" ",183," "
" ",203," "
" ",28," "
" ",41," "
" ",54," "
" ",76," "
" ",107," "
" ",18," "
" ",30," "
" ",61," "
" ",91," "
" ",5," "
" ",13," "
" ",20," "
" ",41," "
" ",61," "
" ",121," "
" ",263," "
" ",2," "
" ",4," "
" ",44," "
" ",75," "
" ",100," "
" ",137," "
" "," "," "
" ",8," "
" ",13," "
" ",30," "
" ",51," "
" ",91," "
" "," "," "
" ",4," "
" ",10," "
" ",19," "
" ",29," "
" ",48," "
" ",70," "
" ",103," "
" "," "," "
" ",0," "
" ",127," "
" ",5," "
" ",15," "
" ",28," "
" ",36," "
" ",51," "
" ",74," "
" ",86," "
" ",97," "
" ",17," "
" ",22," "
" ",29," "
" ",43," "
" ",60," "
" ",72," "
" ",86," "
" ",115," "
" "," "," "
" ",24," "
" ",38," "
" ",60," "
" "," "," "
" ",14," "
" ",144," "
" ",26," "
" ",36," "
" ",48," "
" ",62," "
" ",72," "
" ",83," "
" ",96," "
" ",120," "
" ",5," "
" ",14," "
" ",26," "
" ",34," "
" ",48," "
" ",70," "
" ",82," "
" ",91," "
" ",120," "
" ",0," "
" ",7," "
" ",11," "
" ",36," "
" ",53," "
" ",86," "
" ",101," "
" ",13," "
" ",30," "
" ",51," "
" ",76," "
" ",107," "
" ",4," "
" ",7," "
" ",12," "
" ",24," "
" ",38," "
" ",53," "
" ",72," "
" "," "," "
" ",5," "
" ",10," "
" ",41," "
" ",60," "
" ",79," "
" "," "," "
" ",0," "
" ",5," "
" ",26," "
" ",43," "
" ",70," "
" ",89," "
" "," "," "
" ",16," "
" ",31," "
" ",41," "
" ",48," "
" "," "," "
" ",6," "
" ",115," "
" ",139," "
" ",13," "
" ",18," "
" ",29," "
" ",36," "
" ",46," "
" ",55," "
" ",65," "
" ",74," "
" ",14," "
" ",185," "
" ",221," "
" ",24," "
" ",31," "
" ",50," "
" ",70," "
" ",89," "
" ",101," "
" ",120," "
" ",161," "
" ",13," "
" ",18," "
" ",23," "
" ",28," "
" ",53," "
" ",76," "
" ",10," "
" ",30," "
" ",46," "
" ",71," "
" ",91," "
" ",0," "
" ",10," "
" ",25," "
" ",36," "
" ",91," "
" ",3," "
" ",0," "
" ",10," "
" ",20," "
" ",30," "
" ",46," "
" ",91," "
" ",0," "
" ",5," "
" ",20," "
" ",25," "
" ",14," "
" ",22," "
" ",38," "
" ",50," "
" ",74," "
" "," "," "
" ",14," "
" ",36," "
" ",72," "
" "," "," "
" ",17," "
" ",38," "
" ",48," "
" ",60," "
" "," "," "
" ",14," "
" ",29," "
" ",41," "
" ",72," "
" ",86," "
" "," "," "
" ",6," "
" ",18," "
" ",23," "
" ",61," "
" "," "," "
" ",19," "
" ",43," "
" ",62," "
" ",72," "
" "," "," "
" ",14," "
" ",144," "
" ",26," "
" ",41," "
" ",53," "
" ",62," "
" ",70," "
" ",77," "
" ",94," "
" ",115," "
" ",14," "
" ",17," "
" ",43," "
" ",50," "
" ",74," "
" ",96," "
" ",14," "
" ",36," "
" ",67," "
" ",74," "
" "," "," "
" ",14," "
" ",38," "
" ",72," "
" "," "," "
" ",22," "
" ",48," "
" ",62," "
" ",115," "
" ",130," "
" ",14," "
" ",48," "
" "," "," "
" ",19," "
" ",36," "
" ",53," "
" ",58," "
" ",82," "
" ",96," "
" ",115," "
" ",144," "
" ",19," "
" ",48," "
" ",72," "
" ",96," "
" ",130," "
" ",154," "
" ",26," "
" ",36," "
" ",43," "
" ",50," "
" ",82," "
" ",101," "
" ",130," "
" ",154," "
" "," "," "
" ",0," "
" "," "," "
" ",43," "
" "," "," "
" ",12," "
" ",17," "
" ",36," "
" ",43," "
" ",58," "
" ",72," "
" "," "," "
" ",17," "
" ",26," "
" ",67," "
" ",82," "
" ",94," "
" "," "," "
" ",0," "
" ",5," "
" ",10," "
" ",20," "
" ",46," "
" ",76," "
" "," "," "
" ",19," "
" ",34," "
" "," "," "
" ",24," "
" ",53," "
" ",58," "
" "," "," "
" ",19," "
" ",41," "
" ",72," "
" ",115," "
" "," "," "
" ",10," "
" ",12," "
" ",34," "
" ",62," "
" "," "," "
" ",12," "
" ",14," "
" ",22," "
" "," "," "
" ",14," "
" ",29," "
" ",58," "
" ",86," "
" ",22," "
" ",26," "
" ",43," "
" ",86," "
" "," "," "
" ",17," "
" ",34," "
" ",48," "
" ",65," "
" ",91," "
" "," "," "
" ",19," "
" ",38," "
" ",48," "
" ",86," "
" "," "," "
" ",0," "
" ",2," "
" ",36," "
" ",72," "
" ",96," "
" ",15," "
" ",30," "
" ",51," "
" ",69," "
" ",112," "
" ",19," "
" ",36," "
" ",43," "
" ",50," "
" ",96," "
" ",130," "
" ",158," "
" "," "," "
" ",11," "
" ",17," "
" ",24," "
" "," "," "
" ",0," "
" ",17," "
" ",43," "
" ",72," "
" ",96," "
" "," "," "
" ",0," "
" ",14," "
" ",24," "
" ",86," "
" ",108," "
" ",14," "
" ",24," "
" ",50," "
" ",58," "
" ",72," "
" "," "," "
" ",24," "
" ",48," "
" ",58," "
" ",77," "
" "," "," "
" ",24," "
" ",34," "
" ",62," "
" "," "," "
" ",14," "
" ",26," "
" ",34," "
" ",55," "
" ",65," "
" ",86," "
" ",101," "
" "," "," "
" ",12," "
" ",29," "
" ",43," "
" ",60," "
" ",5," "
" ",10," "
" ",18," "
" ",43," "
" ",61," "
" ",76," "
" ",91," "
" ",29," "
" ",72," "
" ",96," "
" ",15," "
" ",28," "
" ",66," "
" ",91," "
" ",8," "
" ",18," "
" ",51," "
" ",76," "
" ",0," "
" ",7," "
" ",18," "
" ",30," "
" ",53," "
" ",76," "
" ",102," "
" ",5," "
" ",23," "
" ",26," "
" ",61," "
" ",91," "
" ",10," "
" ",30," "
" ",51," "
" ",76," "
" ",102," "
" ",0," "
" ",5," "
" ",13," "
" ",18," "
" ",36," "
" ",48," "
" "," "," "
" ",23," "
" ",43," "
" ",61," "
" ",91," "
" ",102," "
" ",0," "
" ",15," "
" ",30," "
" ",53," "
" ",91," "
" ",15," "
" ",28," "
" ",38," "
" ",64," "
" ",91," "
" ",152," "
" ",3," "
" ",0," "
" ",5," "
" ",18," "
" ",43," "
" ",58," "
" ",102," "
" ",30," "
" ",46," "
" ",71," "
" ",20," "
" "," "," "
" ",50," "
" ",110," "
" ",175," "
" ",195," "
" "," "," "
" ",5," "
" ",13," "
" ",20," "
" ",46," "
" ",61," "
" ",18," "
" ",46," "
" "," "," "
" ",0," "
" ",10," "
" ",58," "
" ",18," "
" ",43," "
" ",69," "
" "," "," "
" ",3," "
" ",0," "
" ",5," "
" ",25," "
" ",36," "
" ",61," "
" ",91," "
" ",5," "
" ",18," "
" ",23," "
" ",41," "
" ",91," "
" ",10," "
" ",18," "
" ",43," "
" ",76," "
" ",91," "
" ",15," "
" ",18," "
" ",43," "
" ",76," "
" ",102," "
" ",30," "
" ",50," "
" ",100," "
" ",150," "
" ",220," "
" ",300," "
" ",430," "
" "," "," "
" ",30," "
" ",46," "
" ",61," "
" ",91," "
" ",15," "
" ",46," "
" "," "," "
" ",0," "
" ",3," "
" ",13," "
" ",18," "
" ",23," "
" ",61," "
" ",0," "
" ",10," "
" ",25," "
" ",36," "
" ",51," "
" ",76," "
" ",2," "
" ",8," "
" ",20," "
" ",41," "
" ",91," "
" ",0," "
" ",5," "
" ",10," "
" ",25," "
" ",46," "
" ",56," "
" ",76," "
" ",91," "
" ",8," "
" ",30," "
" ",36," "
" ",61," "
" ",91," "
" ",0," "
" ",10," "
" ",28," "
" ",38," "
" ",61," "
" ",91," "
" ",23," "
" ",0," "
" ",10," "
" ",91," "
" ",15," "
" ",41," "
" ",66," "
" "," "," "
" ",25," "
" ",50," "
" ",120," "
" ",150," "
" ",200," "
" ",280," "
Plastic," "," "
" ",0," "
" ",5," "
" ",25," "
" ",31," "
" "," "," "
" ",60," "
" ",100," "
" ",150," "
" ",200," "
" ",300," "
" ",400," "
" ",10," "
" ",25," "
" ",75," "
" ",130," "
" ",180," "
" ",200," "
" ",0," "
" ",20," "
" ",30," "
" ",66," "
" ",152," "
" "," "," "
" ",30," "
" ",75," "
" ",135," "
" ",235," "
" ",250," "
" ",0," "
Plastic,11," "
Plastic,24," "
Plastic,46," "
Plastic,57," "
Plastic,76," "
Plastic,99," "
" ",0," "
Nonplastic,10," "
Nonplastic,30," "
Nonplastic,61," "
Nonplastic,74," "
" ",18," "
" ",86," "
" ",240," "
" ",407," "
" ",417," "
" ",0," "
Nonplastic,20," "
Slightly,36," "
Slightly,46," "
Slightly,86," "
" "," "," "
" ",10," "
" ",18," "
" ",30," "
" ",64,Pseudo
" ",91," "
" ",122," "
" ",15," "
" ",25," "
" ",33," "
" ",58," "
" ",90," "
" ",120," "
" ",13," "
" ",25," "
" ",30," "
" ",61,Pseudo
" ",91,Pseudo
" ",122," "
" ",12," "
" ",30," "
" ",34," "
" ",53,Pseudo
" ",53,Pseudo
" ",91," "
" ",22," "
" ",0," "
" ",10," "
" ",91," "
" ",0," "
" ",10," "
" ",28," "
" ",39," "
" ",64,Pseudo
" ",91,Pseudo
" ",15," "
" ",25," "
" ",46," "
" ",61," "
" ",76,Pseudo
" ",91,Pseudo
" ",122," "
" ",137," "
" ",10," "
" ",18," "
" ",61," "
" ",91," "
" ",15," "
" ",28," "
" ",40," "
" ",56," "
" ",91,Pseudo
" "," ",Pseudo
" ",18," "
" ",43," "
" ",61," "
" ",91," "
" ",122," "
" ",15," "
" ",35," "
" ",75," "
" ",135," "
" ",170," "
" ",200," "
" ",20," "
" ",100," "
" ",225," "
" ",250," "
" ",20," "
" ",85," "
" ",110," "
" ",20," "
" ",40," "
" ",90," "
" ",100," "
" ",15," "
" ",50," "
" ",150," "
" ",285," "
" ",310," "
" ",20," "
" ",30," "
" ",75," "
" ",120," "
" ",235," "
" ",250," "
" ",4," "
" ",18," "
" ",30," "
" ",51," "
" ",0," "
" ",10," "
" ",25," "
" ",48," "
" ",58," "
" "," "," "
" ",0," "
" ",5," "
" ",46," "
" "," "," "
" ",10," "
" ",23," "
" ",36," "
" ",56," "
" "," "," "
" ",8," "
" ",28," "
" ",66," "
" ",91," "
" ",122," "
" "," "," "
" ",8," "
" "," "," "
" ",8," "
" ",20," "
" ",33," "
" ",41," "
" ",48," "
" ",61," "
" ",3," "
" ",8," "
" ",13," "
" ",14," "
" ",31," "
" ",32," "
" ",39," "
" ",41," "
" ",13," "
" ",31," "
" ",43," "
" ",51," "
" ",61," "
" "," "," "
" ",33," "
" ",20," "
" ",0," "
" ",5," "
" ",10," "
" ",20," "
" ",41," "
" ",51," "
" ",203," "
" ",23," "
" ",15," "
" ",3," "
" ",0," "
" ",4," "
" ",9," "
" ",15," "
" ",36," "
" ",51," "
" ",0," "
" ",8," "
" ",23," "
" ",36," "
" ",46," "
" ",66," "
" ",91," "
" ",0," "
" ",5," "
" ",10," "
" ",25," "
" ",48," "
" ",61," "
" ",66," "
" ",142," "
" ",15," "
" ",4," "
" ",0," "
" ",8," "
" ",13," "
" ",28," "
" ",41," "
" ",51," "
" ",61," "
" ",13," "
" ",23," "
" ",41," "
" ",66," "
" ",5," "
" ",10," "
" ",14," "
" ",20," "
" ",31," "
" "," "," "
" ",0," "
" ",8," "
" ",23," "
" ",36," "
" "," "," "
" ",25," "
" ",10," "
" ",0," "
" ",10," "
" "," "," "
" ",13," "
" ",0," "
" ",5," "
" "," "," "
" ",15," "
" ",20," "
" ",25," "
" ",30," "
" ",8," "
" ",0," "
" ",10," "
" ",13," "
" ",23," "
" ",43," "
" ",53," "
" ",58," "
" ",8," "
" ",25," "
" ",33," "
" ",58," "
" ",81," "
" ",102," "
" ",15," "
" ",5," "
" ",0," "
" ",5," "
" ",6," "
" ",13," "
" ",20," "
" ",51," "
" ",66," "
" ",8," "
" ",28," "
" ",51," "
" ",74," "
" ",97," "
" ",0," "
" ",8," "
" ",23," "
" ",33," "
" ",43," "
" "," "," "
" ",8," "
" ",15," "
" ",23," "
" "," "," "
" ",8," "
" ",23," "
" ",36," "
" ",61," "
" ",81," "
" ",26," "
" ",16," "
" ",13," "
" ",8," "
" ",0," "
" ",8," "
" ",10," "
" ",20," "
" ",36," "
" ",72," "
" ",0," "
" ",5," "
" ",10," "
" ",36," "
" ",51," "
" ",61," "
" ",64," "
" ",104," "
" ",4," "
" ",25," "
" ",38," "
" ",46," "
" ",48," "
" ",91," "
" ",15," "
" ",31," "
" ",43," "
" ",66," "
" "," "," "
" ",2," "
" ",13," "
" ",38," "
" ",61," "
" ",71," "
" ",79," "
" ",104," "
" ",0," "
" ",5," "
" ",13," "
" ",18," "
" ",36," "
" ",48," "
" ",53," "
" ",76," "
" ",0," "
" ",5," "
" ",13," "
" ",28," "
" ",48," "
" ",61," "
" "," "," "
" ",5," "
" ",3," "
" ",12," "
" ",27," "
" ",30," "
" ",32," "
" ",37," "
" ",84," "
" ",89," "
" ",3," "
" ",8," "
" ",10," "
" ",20," "
" ",10," "
" ",20," "
" ",33," "
" ",53," "
" ",58," "
" ",72," "
" ",13," "
" ",20," "
" ",31," "
" ",43," "
" ",64," "
" ",5," "
" ",10," "
" ",20," "
" ",38," "
" ",70," "
" ",8," "
" ",20," "
" ",31," "
" ",36," "
" ",46," "
" ",56," "
" ",5," "
" ",15," "
" ",28," "
" ",38," "
" ",53," "
" ",1," "
" ",9," "
" ",24," "
" ",15," "
" ",31," "
" ",43," "
" ",55," "
" ",5," "
" ",18," "
" ",28," "
" ",43," "
" ",53," "
" ",8," "
" ",13," "
" ",33," "
" ",46," "
" ",56," "
" ",64," "
" ",71," "
" ",10," "
" ",15," "
" ",46," "
" ",74," "
" ",94," "
" ",6," "
" ",14," "
" ",38," "
" ",58," "
" ",64," "
" ",94," "
" ",5," "
" ",13," "
" ",18," "
" ",41," "
" ",43," "
" ",64," "
" ",5," "
" ",15," "
" ",66," "
" ",86," "
" ",102," "
" ",5," "
" ",56," "
" ",5," "
" ",31," "
" ",56," "
" ",10," "
" ",31," "
" ",56," "
" ",66," "
" ",81," "
" ",3," "
" ",8," "
" ",23," "
" ",81," "
" ",130," "
" ",5," "
" ",15," "
" ",38," "
" ",65," "
" ",91," "
" ",13," "
" ",23," "
" ",38," "
" ",76," "
" ",91," "
" ",25," "
" ",51," "
" ",5," "
" ",23," "
" ",41," "
" ",61," "
" ",91," "
" ",0," "
" ",20," "
" ",41," "
" ",48," "
" ",76," "
" "," "," "
" ",8," "
" ",13," "
" ",18," "
" ",33," "
" ",61," "
" "," "," "
" ",8," "
" ",31," "
" ",46," "
" ",76," "
" ",102," "
" ",4," "
" ",15," "
" ",36," "
" ",61," "
" ",1," "
" ",5," "
" ",36," "
" ",76," "
" ",3," "
" ",8," "
" ",20," "
" ",28," "
" ",41," "
" ",91," "
" ",3," "
" ",8," "
" ",18," "
" ",31," "
" ",91," "
" ",13," "
" ",23," "
" ",48," "
" ",61," "
" ",69," "
" ",76," "
" ",3," "
" ",13," "
" ",28," "
" ",64," "
" ",8," "
" ",15," "
" ",33," "
" ",48," "
" ",66," "
" ",76," "
" ",0," "
" ",5," "
" ",10," "
" ",18," "
" ",31," "
" ",43," "
" ",64," "
" ",74," "
" ",3," "
" ",18," "
" ",23," "
" ",38," "
" ",69," "
" ",81," "
" ",5," "
" ",10," "
" ",20," "
" ",28," "
" ",38," "
" ",41," "
" ",53," "
" ",66," "
" ",4," "
" ",22," "
" ",42," "
" ",52," "
" ",3," "
" ",20," "
" ",25," "
" ",31," "
" ",37," "
" ",43," "
" "," "," "
" ",0," "
" ",5," "
" ",15," "
" ",30," "
" ",46," "
" ",61," "
" ",66," "
" ",121," "
" "," "," "
" ",0," "
" ",10," "
" ",30," "
" ",50," "
" ",61," "
" ",76," "
" ",35," "
" ",65," "
" ",150," "
" ",200," "
" ",300," "
" ",0," "
" ",13," "
" ",33," "
" ",45," "
" ",61," "
" ",102," "
" ",3," "
" ",0," "
" ",4," "
" ",18," "
" ",30," "
" ",46," "
" ",71," "
" ",102," "
" ",0," "
" ",8," "
" ",15," "
" ",31," "
" ",41," "
" ",54," "
" ",76," "
" ",102," "
" ",0," "
" ",10," "
" ",25," "
" ",36," "
" ",46," "
" ",76," "
" "," "," "
" ",10," "
" ",30," "
" ",61," "
" "," "," "
" ",13," "
" ",43," "
" ",61," "
" ",81," "
" ",91," "
" ",127," "
" ",10," "
" ",20," "
" ",40," "
" ",60," "
" ",75," "
" ",90," "
" ",100," "
" ",0," "
" ",4," "
" ",5," "
" ",20," "
" ",43," "
"Very plastic",81," "
Plastic,91," "
Plastic," "," "
" ",30," "
" "," "," "
" ",40," "
" ",60," "
" ",80," "
" ",100," "
" ",120," "
" ",140," "
" ",160," "
" ",180," "
" ",8," "
" ",15," "
" ",33," "
" ",56," "
" ",91," "
" ",140," "
" "," "," "
" ",0," "
" ",8," "
" ",18," "
" ",43," "
" ",61," "
" ",87," "
" ",107," "
" "," "," "
" ",30," "
" ",55," "
" ",80," "
" ",100," "
" ",120," "
" ",140," "
" ",160," "
" ",30," "
" ",43," "
"Very plastic",56," "
"Very plastic",121," "
" ",0," "
" ",18," "
" ",36," "
" ",51," "
" ",10," "
" ",205," "
" ",230," "
" ",30," "
" ",60," "
" ",80," "
" ",100," "
" ",120," "
" ",140," "
" ",160," "
" ",180," "
" ",20," "
" ",200," "
" ",220," "
" ",240," "
" ",40," "
" ",60," "
" ",80," "
" ",100," "
" ",120," "
" ",140," "
" ",160," "
" ",180," "
" ",20," "
" ",200," "
" ",40," "
" ",60," "
" ",80," "
" ",100," "
" ",120," "
" ",140," "
" ",160," "
" ",180," "
" ",20," "
" ",200," "
" ",220," "
" "," "," "
" ",40," "
" ",60," "
" ",80," "
" ",100," "
" ",120," "
" ",140," "
" ",160," "
" ",180," "
" ",20," "
" ",200," "
" "," "," "
" ",40," "
" ",60," "
" ",80," "
" ",100," "
" ",120," "
" ",140," "
" ",160," "
" ",180," "
" ",20," "
" ",200," "
" ",220," "
" ",240," "
" ",40," "
" ",60," "
" ",80," "
" ",100," "
" ",120," "
" ",140," "
" ",160," "
" ",180," "
" ",20," "
" ",195," "
" "," "," "
" ",40," "
" ",60," "
" ",80," "
" ",100," "
" ",120," "
" ",140," "
" ",160," "
" ",180," "
" ",20," "
" ",200," "
" "," "," "
" ",40," "
" ",60," "
" ",80," "
" ",100," "
" ",120," "
" ",140," "
" ",160," "
" ",180," "
" ",20," "
" ",200," "
" ",220," "
" ",235," "
" ",40," "
" ",60," "
" ",80," "
" ",100," "
" ",120," "
" ",140," "
" ",160," "
" ",180," "
" ",0," "
" ",8," "
" ",25," "
" ",36," "
" ",61," "
" ",86," "
" ",96," "
" "," "," "
" ",0," "
" ",6," "
" ",15," "
" ",33," "
" ",43," "
" ",56," "
" ",69," "
" ",102," "
" ",0," "
" ",8," "
" ",23," "
" ",38," "
" ",61," "
" "," "," "
" ",20," "
" ",200," "
" ",220," "
" ",240," "
" ",40," "
" ",60," "
" ",80," "
" ",100," "
" ",120," "
" ",140," "
" ",160," "
" ",180," "
" ",0," "
" ",10," "
" ",20," "
" ",30," "
" ",20," "
" ",200," "
" ",220," "
" ",240," "
" ",40," "
" ",60," "
" ",80," "
" ",100," "
" ",120," "
" ",140," "
" ",160," "
" ",180," "
" ",5," "
" ",0," "
" ",3," "
" ",20," "
" ",36," "
" ",61," "
" ",102," "
" ",0," "
" ",8," "
" ",25," "
" ",41," "
" ",0," "
" ",10," "
" ",23," "
" ",34," "
" ",56,Pseudo
" ",76," "
" ",15," "
" ",46," "
" ",91," "
" ",122," "
" ",152," "
" ",0," "
" ",2," "
" ",7," "
" ",25," "
" ",40," "
" ",91,Pseudo
" ",121,Pseudo
" ",8," "
Slightly,20," "
Slightly,38," "
Slightly,40," "
Nonplastic,46," "
Nonplastic,66," "
Nonplastic,90," "
"Very plastic",100," "
" ",0," "
Nonplastic,15," "
Nonplastic,20," "
Nonplastic,28," "
Plastic,33," "
Slightly,52," "
Slightly,100," "
Slightly,15," "
Slightly,28," "
Slightly,48," "
Nonplastic,77," "
Nonplastic,100," "
Slightly,22," "
Slightly,36," "
Nonplastic,40," "
Plastic,56," "
Plastic,88," "
Plastic,112," "
Slightly,125," "
" ",0," "
Nonplastic,10," "
Nonplastic,19," "
Nonplastic,27," "
Nonplastic,39," "
Nonplastic,47," "
Slightly,100," "
" ",0," "
Nonplastic,3," "
Nonplastic,11," "
Plastic,19," "
Slightly,24," "
Slightly,38," "
Slightly,100," "
Slightly,20," "
Slightly,30," "
Slightly,42," "
Nonplastic,52," "
Nonplastic,60," "
Nonplastic,78," "
Nonplastic,85," "
Nonplastic,100," "
Plastic,20," "
"Very plastic",30," "
"Very plastic",70," "
Plastic,100," "
" ",0," "
Nonplastic,4," "
Plastic,9," "
Plastic,14," "
Plastic,28," "
Plastic,44," "
Nonplastic,100," "
" ",8," "
" ",15," "
" ",36," "
" ",40," "
" ",51," "
" ",10," "
" ",39," "
" ",76," "
Nonplastic,4," "
"Very plastic",275,Pseudo
Nonplastic,40," "
Slightly,45," "
Plastic,63," "
Plastic,86," "
" ",88,Pseudo
"Very plastic",158,Pseudo
"Very plastic",216,Pseudo
" ",230,Pseudo
" ",30," "
" ",75," "
" ",120," "
" ",180," "
" ",230," "
" ",5," "
" ",28," "
" ",35," "
" ",45," "
" ",65," "
" ",90," "
" ",120," "
" ",140," "
" ",75," "
" ",105," "
" ",175," "
" "," "," "
" ",40," "
" ",60," "
" ",70," "
" ",120," "
" ",160," "
" ",295," "
" ",310," "
" ",10," "
" ",0," "
" ",25," "
" ",40," "
" ",40," "
" ",50," "
" ",75," "
" ",150," "
" ",175," "
" ",25," "
" ",45," "
" ",90," "
" ",125," "
" ",165," "
" ",190," "
" ",40," "
" ",95," "
" ",135," "
" ",150," "
" ",0," "
" ",5," "
" ",10," "
" ",15," "
" ",90," "
" ",120," "
" ",40," "
" ",70," "
" ",85," "
" ",0," "
" ",5," "
" ",15," "
" ",20," "
" ",40," "
" ",90," "
" ",10," "
" ",30," "
" ",71," "
" ",91," "
" ",8," "
" ",15," "
" ",25," "
" ",50," "
" ",95," "
" ",190," "
" ",200," "
" ",10," "
" ",50," "
" ",75," "
" ",150," "
" ",240," "
" ",255," "
" ",40," "
" ",50," "
" ",80," "
" ",120," "
" ",200," "
" "," "," "
"Very plastic",0," "
Nonplastic,8," "
Nonplastic,18," "
Nonplastic,25," "
Nonplastic,35," "
Nonplastic,60," "
" ",50," "
" ",170," "
" ",180," "
" ",220," "
" ",0," "
" ",5," "
" ",10," "
" ",13," "
" ",15," "
" ",40,Pseudo
" ",65,Pseudo
" ",0," "
" ",5," "
" ",13," "
" ",50," "
" ",90," "
" ",110,Pseudo
" ",10," "
" ",20," "
" ",27," "
" ",40," "
" ",50," "
" ",40," "
" ",140," "
" ",200," "
" ",50," "
" ",190," "
" ",200," "
" ",2," "
" ",7," "
" ",30," "
" ",40," "
" ",50," "
" ",112," "
" ",275," "
" ",15," "
" ",20," "
" ",40," "
" ",160," "
" ",180," "
" ",200," "
" ",30," "
" ",38," "
" ",61," "
" "," "," "
" ",45," "
" ",120," "
" ",185," "
" ",200," "
" ",5," "
" ",20," "
" ",32," "
" "," "," "
" ",60," "
" ",120," "
" ",220," "
" ",275," "
" ",30," "
" ",40," "
" ",52," "
" ",10," "
" ",288," "
" ",295," "
" "," "," "
" ",30," "
" ",35," "
" ",45," "
" ",105," "
" ",145," "
" ",170," "
" ",250," "
" ",280," "
" ",10," "
" ",40," "
" ",60," "
" ",60," "
" ",90," "
" ",5," "
" ",15," "
" ",22," "
" ",26," "
" ",39," "
" ",49," "
" ",8," "
" ",15," "
" ",23," "
" ",33," "
" ",40," "
" ",60," "
" ",70," "
" ",175," "
" "," "," "
" ",0," "
" ",5," "
